50 267566
51 240611
52 221797
53 201320
54 181677
55 164436
56 147431
57 131228
58 114916
59 98759
60 85129
61 7691
62 7192
63 6965
64 6723
65 6400
66 5042
67 4891
68 4787
69 4253
70 3751
71 3621
72 3536
73 3391
74 3323
75 2969
76 2842
77 2799
78 2736
79 2679
80 2604
81 2459
82 2387
83 2295
84 1114
85 1105
86 1101
87 1092
88 1086
89 1079
90 1074
91 1071
92 1060
93 1054
94 1046
95 1037
96 1032
97 1026
98 1014
99 1008
100 999
101 998
102 993
103 979
104 970
105 964
106 958
107 954
108 942
109 937
110 919
111 918
112 912
113 884
114 877
115 868
116 862
117 857
118 843
119 833
120 825
121 818
122 811
123 805
124 801
125 784
126 639
